[{"id": 0, "img_name": "01_xray0013_angle_50065.0.png", "width": 128, "height": 128, "position": [-228.63647960171454, 0.0, -490.3125127868294], "rotation": [[0.9063077870366534, 0.0, 0.4226182617406923], [0.0, 1.0, 0.0], [-0.4226182617406923, 0.0, 0.9063077870366533]], "fy": 1278.933155513217, "fx": 1278.933155513217}, {"id": 1, "img_name": "01_xray0027_angle_50135.0.png", "width": 128, "height": 128, "position": [-538.9413316676346, 0.0, 47.15125682647995], "rotation": [[-0.0871557427476524, 0.0, 0.9961946980917461], [0.0, 1.0, 0.0], [-0.996194698091746, -0.0, -0.0871557427476524]], "fy": 1278.933155513217, "fx": 1278.933155513217}, {"id": 2, "img_name": "01_xray0017_angle_50085.0.png", "width": 128, "height": 128, "position": [-382.54476862193803, 0.0, -382.54476862190637], "rotation": [[0.7071067811865183, 0.0, 0.7071067811865767], [0.0, 1.0, 0.0], [-0.7071067811865768, -0.0, 0.7071067811865183]], "fy": 1278.933155513217, "fx": 1278.933155513217}, {"id": 3, "img_name": "01_xray0042_angle_50210.0.png", "width": 128, "height": 128, "position": [-93.94366411781985, 0.0, 532.7809943796027], "rotation": [[-0.9848077530122048, -0.0, 0.17364817766694982], [0.0, 1.0, 0.0], [-0.17364817766694982, -0.0, -0.9848077530122047]], "fy": 1278.933155513217, "fx": 1278.933155513217}, {"id": 4, "img_name": "01_xray0025_angle_50125.0.png", "width": 128, "height": 128, "position": [-538.9413316676355, 0.0, -47.151256826468845], "rotation": [[0.08715574274763185, 0.0, 0.9961946980917477], [0.0, 1.0, 0.0], [-0.9961946980917478, -0.0, 0.08715574274763187]], "fy": 1278.933155513217, "fx": 1278.933155513217}, {"id": 5, "img_name": "01_xray0011_angle_50055.0.png", "width": 128, "height": 128, "position": [-140.02110340047645, 0.0, -522.5658720223826], "rotation": [[0.9659258262890621, 0.0, 0.2588190451025442], [0.0, 1.0, 0.0], [-0.2588190451025442, 0.0, 0.965925826289062]], "fy": 1278.933155513217, "fx": 1278.933155513217}, {"id": 6, "img_name": "01_xray0000_angle_50000.0.png", "width": 128, "height": 128, "position": [347.7480968404286, 0.0, -414.43004372735805], "rotation": [[0.7660444431189614, 0.0, -0.6427876096865593], [0.0, 1.0, 0.0], [0.6427876096865593, 0.0, 0.7660444431189612]], "fy": 1278.933155513217, "fx": 1278.933155513217}, {"id": 7, "img_name": "01_xray0064_angle_50320.0.png", "width": 128, "height": 128, "position": [532.7809943796077, 0.0, -93.94366411779193], "rotation": [[0.1736481776668982, -0.0, -0.9848077530122137], [0.0, 1.0, 0.0], [0.9848077530122138, 0.0, 0.17364817766689822]], "fy": 1278.933155513217, "fx": 1278.933155513217}, {"id": 8, "img_name": "01_xray0036_angle_50180.0.png", "width": 128, "height": 128, "position": [-347.74809684043305, 0.0, 414.43004372735425], "rotation": [[-0.7660444431189543, -0.0, 0.6427876096865676], [0.0, 1.0, 0.0], [-0.6427876096865676, -0.0, -0.7660444431189543]], "fy": 1278.933155513217, "fx": 1278.933155513217}, {"id": 9, "img_name": "01_xray0049_angle_50245.0.png", "width": 128, "height": 128, "position": [228.63647960170923, 0.0, 490.31251278683186], "rotation": [[-0.9063077870366578, -0.0, -0.4226182617406825], [0.0, 1.0, 0.0], [0.4226182617406825, -0.0, -0.9063077870366578]], "fy": 1278.933155513217, "fx": 1278.933155513217}, {"id": 10, "img_name": "01_xray0023_angle_50115.0.png", "width": 128, "height": 128, "position": [-522.5658720223782, 0.0, -140.02110340049254], "rotation": [[0.258819045102574, 0.0, 0.965925826289054], [0.0, 1.0, 0.0], [-0.9659258262890541, -0.0, 0.258819045102574]], "fy": 1278.933155513217, "fx": 1278.933155513217}, {"id": 11, "img_name": "01_xray0029_angle_50145.0.png", "width": 128, "height": 128, "position": [-522.5658720223913, 0.0, 140.02110340044388], "rotation": [[-0.2588190451024841, 0.0, 0.9659258262890781], [0.0, 1.0, 0.0], [-0.9659258262890781, -0.0, -0.25881904510248405]], "fy": 1278.933155513217, "fx": 1278.933155513217}, {"id": 12, "img_name": "01_xray0019_angle_50095.0.png", "width": 128, "height": 128, "position": [-443.16125596034743, 0.0, -310.3048520659118], "rotation": [[0.5735764363510385, 0.0, 0.8191520442889971], [0.0, 1.0, 0.0], [-0.8191520442889971, -0.0, 0.5735764363510385]], "fy": 1278.933155513217, "fx": 1278.933155513217}, {"id": 13, "img_name": "01_xray0041_angle_50205.0.png", "width": 128, "height": 128, "position": [-140.02110340046565, 0.0, 522.5658720223854], "rotation": [[-0.9659258262890674, -0.0, 0.2588190451025243], [0.0, 1.0, 0.0], [-0.2588190451025243, -0.0, -0.9659258262890673]], "fy": 1278.933155513217, "fx": 1278.933155513217}, {"id": 14, "img_name": "01_xray0028_angle_50140.0.png", "width": 128, "height": 128, "position": [-532.7809943796067, 0.0, 93.94366411779765], "rotation": [[-0.1736481776669088, 0.0, 0.9848077530122119], [0.0, 1.0, 0.0], [-0.9848077530122118, -0.0, -0.1736481776669088]], "fy": 1278.933155513217, "fx": 1278.933155513217}, {"id": 15, "img_name": "01_xray0045_angle_50225.0.png", "width": 128, "height": 128, "position": [47.151256826446414, 0.0, 538.9413316676375], "rotation": [[-0.9961946980917514, -0.0, -0.08715574274759041], [0.0, 1.0, 0.0], [0.08715574274759041, -0.0, -0.9961946980917515]], "fy": 1278.933155513217, "fx": 1278.933155513217}, {"id": 16, "img_name": "01_xray0046_angle_50230.0.png", "width": 128, "height": 128, "position": [93.94366411782508, 0.0, 532.7809943796018], "rotation": [[-0.9848077530122029, -0.0, -0.17364817766695947], [0.0, 1.0, 0.0], [0.17364817766695947, -0.0, -0.984807753012203]], "fy": 1278.933155513217, "fx": 1278.933155513217}, {"id": 17, "img_name": "01_xray0038_angle_50190.0.png", "width": 128, "height": 128, "position": [-270.50000000003234, 0.0, 468.5197434473626], "rotation": [[-0.8660254037844042, -0.0, 0.5000000000000598], [0.0, 1.0, 0.0], [-0.5000000000000598, -0.0, -0.8660254037844041]], "fy": 1278.933155513217, "fx": 1278.933155513217}, {"id": 18, "img_name": "01_xray0006_angle_50030.0.png", "width": 128, "height": 128, "position": [93.94366411781412, 0.0, -532.7809943796038], "rotation": [[0.9848077530122066, 0.0, -0.1736481776669392], [0.0, 1.0, 0.0], [0.17364817766693924, 0.0, 0.9848077530122067]], "fy": 1278.933155513217, "fx": 1278.933155513217}, {"id": 19, "img_name": "01_xray0010_angle_50050.0.png", "width": 128, "height": 128, "position": [-93.94366411783083, 0.0, -532.7809943796008], "rotation": [[0.984807753012201, 0.0, 0.1736481776669701], [0.0, 1.0, 0.0], [-0.1736481776669701, 0.0, 0.984807753012201]], "fy": 1278.933155513217, "fx": 1278.933155513217}, {"id": 20, "img_name": "01_xray0039_angle_50195.0.png", "width": 128, "height": 128, "position": [-228.63647960170442, 0.0, 490.3125127868342], "rotation": [[-0.9063077870366619, -0.0, 0.4226182617406736], [0.0, 1.0, 0.0], [-0.4226182617406736, -0.0, -0.906307787036662]], "fy": 1278.933155513217, "fx": 1278.933155513217}, {"id": 21, "img_name": "01_xray0020_angle_50100.0.png", "width": 128, "height": 128, "position": [-468.5197434473795, 0.0, -270.5000000000032], "rotation": [[0.5000000000000059, 0.0, 0.8660254037844353], [0.0, 1.0, 0.0], [-0.8660254037844352, -0.0, 0.5000000000000059]], "fy": 1278.933155513217, "fx": 1278.933155513217}, {"id": 22, "img_name": "01_xray0009_angle_50045.0.png", "width": 128, "height": 128, "position": [-47.15125682645222, 0.0, -538.941331667637], "rotation": [[0.9961946980917504, 0.0, 0.08715574274760113], [0.0, 1.0, 0.0], [-0.08715574274760113, 0.0, 0.9961946980917504]], "fy": 1278.933155513217, "fx": 1278.933155513217}, {"id": 23, "img_name": "01_xray0032_angle_50160.0.png", "width": 128, "height": 128, "position": [-468.5197434473739, 0.0, 270.50000000001285], "rotation": [[-0.5000000000000238, 0.0, 0.8660254037844249], [0.0, 1.0, 0.0], [-0.8660254037844248, -0.0, -0.5000000000000238]], "fy": 1278.933155513217, "fx": 1278.933155513217}, {"id": 24, "img_name": "01_xray0056_angle_50280.0.png", "width": 128, "height": 128, "position": [468.51974344737647, 0.0, 270.50000000000824], "rotation": [[-0.5000000000000153, -0.0, -0.8660254037844297], [0.0, 1.0, 0.0], [0.8660254037844298, 0.0, -0.5000000000000152]], "fy": 1278.933155513217, "fx": 1278.933155513217}, {"id": 25, "img_name": "01_xray0015_angle_50075.0.png", "width": 128, "height": 128, "position": [-310.3048520658982, 0.0, -443.161255960357], "rotation": [[0.8191520442890148, 0.0, 0.5735764363510133], [0.0, 1.0, 0.0], [-0.5735764363510133, 0.0, 0.8191520442890148]], "fy": 1278.933155513217, "fx": 1278.933155513217}, {"id": 26, "img_name": "01_xray0001_angle_50005.0.png", "width": 128, "height": 128, "position": [310.30485206593465, 0.0, -443.1612559603315], "rotation": [[0.8191520442889675, 0.0, -0.5735764363510807], [0.0, 1.0, 0.0], [0.5735764363510808, 0.0, 0.8191520442889677]], "fy": 1278.933155513217, "fx": 1278.933155513217}, {"id": 27, "img_name": "01_xray0007_angle_50035.0.png", "width": 128, "height": 128, "position": [47.15125682649658, 0.0, -538.9413316676331], "rotation": [[0.9961946980917433, 0.0, -0.08715574274768313], [0.0, 1.0, 0.0], [0.08715574274768315, 0.0, 0.9961946980917433]], "fy": 1278.933155513217, "fx": 1278.933155513217}, {"id": 28, "img_name": "01_xray0065_angle_50325.0.png", "width": 128, "height": 128, "position": [522.5658720223928, 0.0, -140.02110340043828], "rotation": [[0.2588190451024737, -0.0, -0.9659258262890811], [0.0, 1.0, 0.0], [0.965925826289081, 0.0, 0.2588190451024737]], "fy": 1278.933155513217, "fx": 1278.933155513217}, {"id": 29, "img_name": "01_xray0024_angle_50120.0.png", "width": 128, "height": 128, "position": [-532.7809943795979, 0.0, -93.94366411784725], "rotation": [[0.17364817766700047, 0.0, 0.9848077530121957], [0.0, 1.0, 0.0], [-0.9848077530121957, -0.0, 0.17364817766700047]], "fy": 1278.933155513217, "fx": 1278.933155513217}, {"id": 30, "img_name": "01_xray0031_angle_50155.0.png", "width": 128, "height": 128, "position": [-490.3125127868437, 0.0, 228.63647960168402], "rotation": [[-0.4226182617406359, 0.0, 0.9063077870366796], [0.0, 1.0, 0.0], [-0.9063077870366796, -0.0, -0.42261826174063594]], "fy": 1278.933155513217, "fx": 1278.933155513217}, {"id": 31, "img_name": "01_xray0069_angle_50345.0.png", "width": 128, "height": 128, "position": [443.16125596034436, 0.0, -310.3048520659162], "rotation": [[0.5735764363510466, -0.0, -0.8191520442889914], [0.0, 1.0, 0.0], [0.8191520442889915, 0.0, 0.5735764363510465]], "fy": 1278.933155513217, "fx": 1278.933155513217}, {"id": 32, "img_name": "01_xray0002_angle_50010.0.png", "width": 128, "height": 128, "position": [270.50000000002734, 0.0, -468.51974344736556], "rotation": [[0.8660254037844095, 0.0, -0.5000000000000505], [0.0, 1.0, 0.0], [0.5000000000000504, 0.0, 0.8660254037844095]], "fy": 1278.933155513217, "fx": 1278.933155513217}, {"id": 33, "img_name": "01_xray0008_angle_50040.0.png", "width": 128, "height": 128, "position": [2.2262479130278503e-11, 0.0, -541.0], "rotation": [[1.0, 0.0, -4.115060837389742e-14], [0.0, 1.0, 0.0], [4.115060837389742e-14, 0.0, 1.0]], "fy": 1278.933155513217, "fx": 1278.933155513217}, {"id": 34, "img_name": "01_xray0047_angle_50235.0.png", "width": 128, "height": 128, "position": [140.02110340047076, 0.0, 522.565872022384], "rotation": [[-0.9659258262890646, -0.0, -0.2588190451025338], [0.0, 1.0, 0.0], [0.2588190451025338, -0.0, -0.9659258262890649]], "fy": 1278.933155513217, "fx": 1278.933155513217}, {"id": 35, "img_name": "01_xray0004_angle_50020.0.png", "width": 128, "height": 128, "position": [185.032897539175, 0.0, -508.3737078451807], "rotation": [[0.9396926207859163, 0.0, -0.34202014332564695], [0.0, 1.0, 0.0], [0.34202014332564695, 0.0, 0.9396926207859163]], "fy": 1278.933155513217, "fx": 1278.933155513217}, {"id": 36, "img_name": "01_xray0034_angle_50170.0.png", "width": 128, "height": 128, "position": [-414.4300437273688, 0.0, 347.7480968404157], "rotation": [[-0.6427876096865356, 0.0, 0.7660444431189811], [0.0, 1.0, 0.0], [-0.766044443118981, -0.0, -0.6427876096865356]], "fy": 1278.933155513217, "fx": 1278.933155513217}, {"id": 37, "img_name": "01_xray0014_angle_50070.0.png", "width": 128, "height": 128, "position": [-270.4999999999888, 0.0, -468.51974344738784], "rotation": [[0.8660254037844506, 0.0, 0.49999999999997924], [0.0, 1.0, 0.0], [-0.49999999999997924, 0.0, 0.8660254037844507]], "fy": 1278.933155513217, "fx": 1278.933155513217}, {"id": 38, "img_name": "01_xray0071_angle_50355.0.png", "width": 128, "height": 128, "position": [382.5447686219343, 0.0, -382.5447686219101], "rotation": [[0.7071067811865251, -0.0, -0.7071067811865699], [0.0, 1.0, 0.0], [0.7071067811865699, 0.0, 0.7071067811865251]], "fy": 1278.933155513217, "fx": 1278.933155513217}, {"id": 39, "img_name": "01_xray0070_angle_50350.0.png", "width": 128, "height": 128, "position": [414.43004372737244, 0.0, -347.7480968404114], "rotation": [[0.6427876096865275, -0.0, -0.7660444431189879], [0.0, 1.0, 0.0], [0.766044443118988, 0.0, 0.6427876096865276]], "fy": 1278.933155513217, "fx": 1278.933155513217}, {"id": 40, "img_name": "01_xray0051_angle_50255.0.png", "width": 128, "height": 128, "position": [310.3048520658934, 0.0, 443.16125596036034], "rotation": [[-0.819152044289021, -0.0, -0.5735764363510044], [0.0, 1.0, 0.0], [0.5735764363510044, -0.0, -0.819152044289021]], "fy": 1278.933155513217, "fx": 1278.933155513217}, {"id": 41, "img_name": "01_xray0067_angle_50335.0.png", "width": 128, "height": 128, "position": [490.31251278682015, 0.0, -228.6364796017345], "rotation": [[0.42261826174072914, -0.0, -0.9063077870366361], [0.0, 1.0, 0.0], [0.9063077870366362, 0.0, 0.4226182617407292]], "fy": 1278.933155513217, "fx": 1278.933155513217}, {"id": 42, "img_name": "01_xray0003_angle_50015.0.png", "width": 128, "height": 128, "position": [228.63647960169914, 0.0, -490.31251278683663], "rotation": [[0.9063077870366666, 0.0, -0.4226182617406638], [0.0, 1.0, 0.0], [0.4226182617406638, 0.0, 0.9063077870366666]], "fy": 1278.933155513217, "fx": 1278.933155513217}, {"id": 43, "img_name": "01_xray0063_angle_50315.0.png", "width": 128, "height": 128, "position": [538.9413316676352, 0.0, -47.15125682647414], "rotation": [[0.08715574274764167, -0.0, -0.9961946980917471], [0.0, 1.0, 0.0], [0.9961946980917469, 0.0, 0.08715574274764167]], "fy": 1278.933155513217, "fx": 1278.933155513217}, {"id": 44, "img_name": "01_xray0061_angle_50305.0.png", "width": 128, "height": 128, "position": [538.9413316676352, 0.0, 47.15125682647466], "rotation": [[-0.08715574274764262, -0.0, -0.9961946980917469], [0.0, 1.0, 0.0], [0.9961946980917469, 0.0, -0.08715574274764261]], "fy": 1278.933155513217, "fx": 1278.933155513217}, {"id": 45, "img_name": "01_xray0059_angle_50295.0.png", "width": 128, "height": 128, "position": [522.5658720223768, 0.0, 140.02110340049816], "rotation": [[-0.2588190451025844, -0.0, -0.9659258262890512], [0.0, 1.0, 0.0], [0.9659258262890512, 0.0, -0.2588190451025844]], "fy": 1278.933155513217, "fx": 1278.933155513217}, {"id": 46, "img_name": "01_xray0068_angle_50340.0.png", "width": 128, "height": 128, "position": [468.5197434473768, 0.0, -270.50000000000784], "rotation": [[0.5000000000000145, -0.0, -0.8660254037844304], [0.0, 1.0, 0.0], [0.8660254037844304, 0.0, 0.5000000000000145]], "fy": 1278.933155513217, "fx": 1278.933155513217}, {"id": 47, "img_name": "01_xray0043_angle_50215.0.png", "width": 128, "height": 128, "position": [-47.15125682650238, 0.0, 538.9413316676327], "rotation": [[-0.9961946980917424, -0.0, 0.08715574274769387], [0.0, 1.0, 0.0], [-0.08715574274769386, -0.0, -0.9961946980917424]], "fy": 1278.933155513217, "fx": 1278.933155513217}, {"id": 48, "img_name": "01_xray0057_angle_50285.0.png", "width": 128, "height": 128, "position": [490.3125127868199, 0.0, 228.63647960173492], "rotation": [[-0.4226182617407299, -0.0, -0.9063077870366357], [0.0, 1.0, 0.0], [0.9063077870366357, 0.0, -0.42261826174073]], "fy": 1278.933155513217, "fx": 1278.933155513217}, {"id": 49, "img_name": "01_xray0052_angle_50260.0.png", "width": 128, "height": 128, "position": [347.74809684038996, 0.0, 414.43004372739034], "rotation": [[-0.766044443119021, -0.0, -0.642787609686488], [0.0, 1.0, 0.0], [0.6427876096864881, -0.0, -0.766044443119021]], "fy": 1278.933155513217, "fx": 1278.933155513217}, {"id": 50, "img_name": "01_xray0054_angle_50270.0.png", "width": 128, "height": 128, "position": [414.43004372737215, 0.0, 347.7480968404118], "rotation": [[-0.6427876096865283, -0.0, -0.7660444431189875], [0.0, 1.0, 0.0], [0.7660444431189875, 0.0, -0.6427876096865283]], "fy": 1278.933155513217, "fx": 1278.933155513217}, {"id": 51, "img_name": "01_xray0005_angle_50025.0.png", "width": 128, "height": 128, "position": [140.02110340046008, 0.0, -522.565872022387], "rotation": [[0.9659258262890702, 0.0, -0.25881904510251397], [0.0, 1.0, 0.0], [0.25881904510251397, 0.0, 0.9659258262890702]], "fy": 1278.933155513217, "fx": 1278.933155513217}, {"id": 52, "img_name": "01_xray0012_angle_50060.0.png", "width": 128, "height": 128, "position": [-185.03289753919097, 0.0, -508.3737078451749], "rotation": [[0.9396926207859057, 0.0, 0.34202014332567643], [0.0, 1.0, 0.0], [-0.34202014332567643, 0.0, 0.9396926207859055]], "fy": 1278.933155513217, "fx": 1278.933155513217}, {"id": 53, "img_name": "01_xray0022_angle_50110.0.png", "width": 128, "height": 128, "position": [-508.37370784516924, 0.0, -185.03289753920666], "rotation": [[0.3420201433257055, 0.0, 0.9396926207858951], [0.0, 1.0, 0.0], [-0.9396926207858951, -0.0, 0.34202014332570546]], "fy": 1278.933155513217, "fx": 1278.933155513217}, {"id": 54, "img_name": "01_xray0044_angle_50220.0.png", "width": 128, "height": 128, "position": [-2.8094786822805587e-11, 0.0, 541.0], "rotation": [[-1.0, -0.0, 5.1931214090213655e-14], [0.0, 1.0, 0.0], [-5.1931214090213655e-14, -0.0, -1.0]], "fy": 1278.933155513217, "fx": 1278.933155513217}, {"id": 55, "img_name": "01_xray0037_angle_50185.0.png", "width": 128, "height": 128, "position": [-310.3048520659394, 0.0, 443.1612559603281], "rotation": [[-0.8191520442889616, -0.0, 0.5735764363510895], [0.0, 1.0, 0.0], [-0.5735764363510895, -0.0, -0.8191520442889614]], "fy": 1278.933155513217, "fx": 1278.933155513217}, {"id": 56, "img_name": "01_xray0030_angle_50150.0.png", "width": 128, "height": 128, "position": [-508.37370784518646, 0.0, 185.0328975391593], "rotation": [[-0.34202014332561786, 0.0, 0.9396926207859269], [0.0, 1.0, 0.0], [-0.9396926207859269, -0.0, -0.3420201433256179]], "fy": 1278.933155513217, "fx": 1278.933155513217}, {"id": 57, "img_name": "01_xray0021_angle_50105.0.png", "width": 128, "height": 128, "position": [-490.31251278682237, 0.0, -228.63647960172963], "rotation": [[0.4226182617407202, 0.0, 0.9063077870366402], [0.0, 1.0, 0.0], [-0.9063077870366404, -0.0, 0.4226182617407202]], "fy": 1278.933155513217, "fx": 1278.933155513217}, {"id": 58, "img_name": "01_xray0055_angle_50275.0.png", "width": 128, "height": 128, "position": [443.161255960344, 0.0, 310.3048520659167], "rotation": [[-0.5735764363510474, -0.0, -0.8191520442889909], [0.0, 1.0, 0.0], [0.8191520442889909, 0.0, -0.5735764363510474]], "fy": 1278.933155513217, "fx": 1278.933155513217}, {"id": 59, "img_name": "01_xray0050_angle_50250.0.png", "width": 128, "height": 128, "position": [270.4999999999837, 0.0, 468.51974344739074], "rotation": [[-0.8660254037844561, -0.0, -0.49999999999996986], [0.0, 1.0, 0.0], [0.4999999999999698, -0.0, -0.866025403784456]], "fy": 1278.933155513217, "fx": 1278.933155513217}, {"id": 60, "img_name": "01_xray0016_angle_50080.0.png", "width": 128, "height": 128, "position": [-347.7480968403945, 0.0, -414.4300437273867], "rotation": [[0.7660444431190142, 0.0, 0.6427876096864963], [0.0, 1.0, 0.0], [-0.6427876096864963, 0.0, 0.7660444431190142]], "fy": 1278.933155513217, "fx": 1278.933155513217}, {"id": 61, "img_name": "01_xray0033_angle_50165.0.png", "width": 128, "height": 128, "position": [-443.1612559603411, 0.0, 310.30485206592095], "rotation": [[-0.5735764363510554, 0.0, 0.8191520442889855], [0.0, 1.0, 0.0], [-0.8191520442889852, -0.0, -0.5735764363510554]], "fy": 1278.933155513217, "fx": 1278.933155513217}, {"id": 62, "img_name": "01_xray0048_angle_50240.0.png", "width": 128, "height": 128, "position": [185.03289753918543, 0.0, 508.37370784517685], "rotation": [[-0.9396926207859093, -0.0, -0.34202014332566627], [0.0, 1.0, 0.0], [0.34202014332566627, -0.0, -0.9396926207859092]], "fy": 1278.933155513217, "fx": 1278.933155513217}, {"id": 63, "img_name": "01_xray0062_angle_50310.0.png", "width": 128, "height": 128, "position": [541.0, 0.0, 2.586510653719955e-13], "rotation": [[-4.780980875637625e-16, -0.0, -1.0], [0.0, 1.0, 0.0], [1.0, 0.0, -4.780980875637625e-16]], "fy": 1278.933155513217, "fx": 1278.933155513217}, {"id": 64, "img_name": "01_xray0026_angle_50130.0.png", "width": 128, "height": 128, "position": [-541.0, 0.0, 5.573656627155089e-12], "rotation": [[-1.0302507628752476e-14, 0.0, 1.0], [0.0, 1.0, 0.0], [-1.0, -0.0, -1.0302507628752476e-14]], "fy": 1278.933155513217, "fx": 1278.933155513217}, {"id": 65, "img_name": "01_xray0035_angle_50175.0.png", "width": 128, "height": 128, "position": [-382.5447686219302, 0.0, 382.5447686219143], "rotation": [[-0.7071067811865328, 0.0, 0.7071067811865623], [0.0, 1.0, 0.0], [-0.7071067811865622, -0.0, -0.7071067811865328]], "fy": 1278.933155513217, "fx": 1278.933155513217}, {"id": 66, "img_name": "01_xray0066_angle_50330.0.png", "width": 128, "height": 128, "position": [508.3737078451884, 0.0, -185.03289753915382], "rotation": [[0.3420201433256079, -0.0, -0.9396926207859305], [0.0, 1.0, 0.0], [0.9396926207859306, 0.0, 0.3420201433256078]], "fy": 1278.933155513217, "fx": 1278.933155513217}, {"id": 67, "img_name": "01_xray0058_angle_50290.0.png", "width": 128, "height": 128, "position": [508.37370784516713, 0.0, 185.03289753921214], "rotation": [[-0.34202014332571556, -0.0, -0.9396926207858912], [0.0, 1.0, 0.0], [0.9396926207858914, 0.0, -0.3420201433257156]], "fy": 1278.933155513217, "fx": 1278.933155513217}, {"id": 68, "img_name": "01_xray0053_angle_50265.0.png", "width": 128, "height": 128, "position": [382.54476862193394, 0.0, 382.54476862191046], "rotation": [[-0.7071067811865258, -0.0, -0.7071067811865691], [0.0, 1.0, 0.0], [0.7071067811865692, 0.0, -0.7071067811865258]], "fy": 1278.933155513217, "fx": 1278.933155513217}, {"id": 69, "img_name": "01_xray0018_angle_50090.0.png", "width": 128, "height": 128, "position": [-414.4300437273759, 0.0, -347.7480968404073], "rotation": [[0.6427876096865199, 0.0, 0.7660444431189943], [0.0, 1.0, 0.0], [-0.7660444431189943, -0.0, 0.6427876096865199]], "fy": 1278.933155513217, "fx": 1278.933155513217}, {"id": 70, "img_name": "01_xray0060_angle_50300.0.png", "width": 128, "height": 128, "position": [532.7809943796076, 0.0, 93.94366411779244], "rotation": [[-0.17364817766689913, -0.0, -0.9848077530122136], [0.0, 1.0, 0.0], [0.9848077530122136, 0.0, -0.17364817766689916]], "fy": 1278.933155513217, "fx": 1278.933155513217}, {"id": 71, "img_name": "01_xray0040_angle_50200.0.png", "width": 128, "height": 128, "position": [-185.03289753918045, 0.0, 508.37370784517867], "rotation": [[-0.9396926207859126, -0.0, 0.34202014332565706], [0.0, 1.0, 0.0], [-0.34202014332565706, -0.0, -0.9396926207859125]], "fy": 1278.933155513217, "fx": 1278.933155513217}]